entry_name,entry_params,score,window,signal_id,param_fastk_period,param_slowk_period,param_slowd_period,param_oversold_threshold,有效月份数,w20_平均收益,w20_稳定性,w20_样本内收益,w20_样本外收益,w20_样本外衰减率,w40_平均收益,w40_稳定性,w40_样本内收益,w40_样本外收益,w40_样本外衰减率,w60_平均收益,w60_稳定性,w60_样本内收益,w60_样本外收益,w60_样本外衰减率
stoch_k_crossover_d_4,"{'fastk_period': 5, 'slowk_period': 3, 'slowd_period': 3, 'oversold_threshold': 15}",0.0012882183751000017,20,stoch_k_crossover_d_4^5^15^3^3,5,3,3,15,12,0.000998168296892468,0.5721266359195253,0.0010325658178505183,0.0006197955663539177,0.6002479993422015,,,,,,,,,,
stoch_k_crossover_d_4,"{'fastk_period': 5, 'slowk_period': 3, 'slowd_period': 3, 'oversold_threshold': 15}",0.00280838088003902,40,stoch_k_crossover_d_4^5^15^3^3,5,3,3,15,12,,,,,,0.0021741335741481617,0.6617468486141832,0.0022577429874433147,0.0012544300279014756,0.5556124124305227,,,,,
stoch_k_crossover_d_4,"{'fastk_period': 5, 'slowk_period': 3, 'slowd_period': 3, 'oversold_threshold': 15}",0.0044185168642871,60,stoch_k_crossover_d_4^5^15^3^3,5,3,3,15,12,,,,,,,,,,,0.003625589908737972,0.7339515085112075,0.003885100057375346,0.0007709782737268544,0.1984448951998687
stoch_k_crossover_d_4,"{'fastk_period': 5, 'slowk_period': 3, 'slowd_period': 3, 'oversold_threshold': 20}",0.0014475273855699023,20,stoch_k_crossover_d_4^5^20^3^3,5,3,3,20,12,0.0010627301587479642,0.635484081228014,0.0010716490608930227,0.0009646222351523206,0.9001288484762775,,,,,,,,,,
stoch_k_crossover_d_4,"{'fastk_period': 5, 'slowk_period': 3, 'slowd_period': 3, 'oversold_threshold': 20}",0.0030164777820554708,40,stoch_k_crossover_d_4^5^20^3^3,5,3,3,20,12,,,,,,0.002167072183763232,0.7128395897704354,0.0021676958916070138,0.0021602113974816322,0.9965472582411765,,,,,
stoch_k_crossover_d_4,"{'fastk_period': 5, 'slowk_period': 3, 'slowd_period': 3, 'oversold_threshold': 20}",0.0046421216708331615,60,stoch_k_crossover_d_4^5^20^3^3,5,3,3,20,12,,,,,,,,,,,0.0036136166936745783,0.72236687315959,0.003773755914617641,0.00185208526330089,0.490780353898046
stoch_k_crossover_d_4,"{'fastk_period': 5, 'slowk_period': 3, 'slowd_period': 3, 'oversold_threshold': 25}",0.001328612614347015,20,stoch_k_crossover_d_4^5^25^3^3,5,3,3,25,12,0.0009863370397756733,0.5939372185102683,0.0009985599592241363,0.0008518849258425819,0.8531134439883626,,,,,,,,,,
stoch_k_crossover_d_4,"{'fastk_period': 5, 'slowk_period': 3, 'slowd_period': 3, 'oversold_threshold': 25}",0.002710535735831578,40,stoch_k_crossover_d_4^5^25^3^3,5,3,3,25,12,,,,,,0.0020596647195002186,0.6733177199529995,0.002119673580624804,0.0013995672471297795,0.6602748932301346,,,,,
stoch_k_crossover_d_4,"{'fastk_period': 5, 'slowk_period': 3, 'slowd_period': 3, 'oversold_threshold': 25}",0.004572805406436596,60,stoch_k_crossover_d_4^5^25^3^3,5,3,3,25,12,,,,,,,,,,,0.003629608552925523,0.7428505597303461,0.0038304293064588186,0.0014205802640592754,0.3708671144677992
stoch_k_crossover_d_4,"{'fastk_period': 5, 'slowk_period': 3, 'slowd_period': 6, 'oversold_threshold': 15}",0.0014766538393334977,20,stoch_k_crossover_d_4^5^15^6^3,5,3,6,15,12,0.001098661586731264,0.8060826741382988,0.001125512724954014,0.000803299066281013,0.7137183334056343,,,,,,,,,,
stoch_k_crossover_d_4,"{'fastk_period': 5, 'slowk_period': 3, 'slowd_period': 6, 'oversold_threshold': 15}",0.002926574329347787,40,stoch_k_crossover_d_4^5^15^6^3,5,3,6,15,12,,,,,,0.0022014018890319435,0.83371297729848,0.0022711687999963804,0.0014339658684231428,0.6313779356362363,,,,,
stoch_k_crossover_d_4,"{'fastk_period': 5, 'slowk_period': 3, 'slowd_period': 6, 'oversold_threshold': 15}",0.004657433188635951,60,stoch_k_crossover_d_4^5^15^6^3,5,3,6,15,12,,,,,,,,,,,0.0037746317393234138,0.8053023156814232,0.004034066216838581,0.0009208524866565782,0.22826905587539717
stoch_k_crossover_d_4,"{'fastk_period': 5, 'slowk_period': 3, 'slowd_period': 6, 'oversold_threshold': 20}",0.0016010976347144122,20,stoch_k_crossover_d_4^5^20^6^3,5,3,6,20,12,0.0011390713337151115,0.9791219944124793,0.0011488459224908028,0.0010315508571825075,0.8979018308617147,,,,,,,,,,
stoch_k_crossover_d_4,"{'fastk_period': 5, 'slowk_period': 3, 'slowd_period': 6, 'oversold_threshold': 20}",0.0030027919255521175,40,stoch_k_crossover_d_4^5^20^6^3,5,3,6,20,12,,,,,,0.0021342411457123266,0.8960639232726321,0.0021198847207557843,0.002292161820234289,1.0812672018396756,,,,,
stoch_k_crossover_d_4,"{'fastk_period': 5, 'slowk_period': 3, 'slowd_period': 6, 'oversold_threshold': 20}",0.004803663688583076,60,stoch_k_crossover_d_4^5^20^6^3,5,3,6,20,12,,,,,,,,,,,0.003652949551248131,0.8068190359077875,0.003785038344894597,0.002199972821136999,0.5812286747647895
stoch_k_crossover_d_4,"{'fastk_period': 5, 'slowk_period': 3, 'slowd_period': 6, 'oversold_threshold': 25}",0.0013383742722951142,20,stoch_k_crossover_d_4^5^25^6^3,5,3,6,25,12,0.0009717994344637734,0.6047256655397184,0.0009708112246049745,0.0009826697429105623,1.0122150609768785,,,,,,,,,,
stoch_k_crossover_d_4,"{'fastk_period': 5, 'slowk_period': 3, 'slowd_period': 6, 'oversold_threshold': 25}",0.002556190672744814,40,stoch_k_crossover_d_4^5^25^6^3,5,3,6,25,12,,,,,,0.0019484008092316072,0.7280599595019183,0.002013707896123661,0.001230022853419014,0.6108248648112162,,,,,
stoch_k_crossover_d_4,"{'fastk_period': 5, 'slowk_period': 3, 'slowd_period': 6, 'oversold_threshold': 25}",0.004399493219492294,60,stoch_k_crossover_d_4^5^25^6^3,5,3,6,25,12,,,,,,,,,,,0.003502422986875978,0.7488899908732812,0.0037024992581667347,0.0013015840026776534,0.3515420022858082
stoch_k_crossover_d_4,"{'fastk_period': 5, 'slowk_period': 3, 'slowd_period': 9, 'oversold_threshold': 15}",0.0018793816680590931,20,stoch_k_crossover_d_4^5^15^9^3,5,3,9,15,12,0.0013127541961130487,1.1240151024029459,0.0012996010818854562,0.0014574384526165652,1.1214506304520147,,,,,,,,,,
stoch_k_crossover_d_4,"{'fastk_period': 5, 'slowk_period': 3, 'slowd_period': 9, 'oversold_threshold': 15}",0.0031925126381075032,40,stoch_k_crossover_d_4^5^15^9^3,5,3,9,15,12,,,,,,0.0023084425733830706,0.8600801316180152,0.002335094083952823,0.0020152759571157937,0.8630384407057191,,,,,
stoch_k_crossover_d_4,"{'fastk_period': 5, 'slowk_period': 3, 'slowd_period': 9, 'oversold_threshold': 15}",0.005059150235508753,60,stoch_k_crossover_d_4^5^15^9^3,5,3,9,15,12,,,,,,,,,,,0.0037993041856338107,0.8412510266114566,0.003917791681116516,0.0024959417353240527,0.6370787266087471
stoch_k_crossover_d_4,"{'fastk_period': 5, 'slowk_period': 3, 'slowd_period': 9, 'oversold_threshold': 20}",0.0019224680391366883,20,stoch_k_crossover_d_4^5^20^9^3,5,3,9,20,12,0.0013147113815008004,1.4069615380615135,0.0012964202286755433,0.0015159140625786284,1.1693076280731332,,,,,,,,,,
stoch_k_crossover_d_4,"{'fastk_period': 5, 'slowk_period': 3, 'slowd_period': 9, 'oversold_threshold': 20}",0.0032176500407351473,40,stoch_k_crossover_d_4^5^20^9^3,5,3,9,20,12,,,,,,0.0023078415513612745,0.9365509634000405,0.0022631590381951916,0.0027993491961881877,1.236921112897392,,,,,
stoch_k_crossover_d_4,"{'fastk_period': 5, 'slowk_period': 3, 'slowd_period': 9, 'oversold_threshold': 20}",0.005369104586385572,60,stoch_k_crossover_d_4^5^20^9^3,5,3,9,20,12,,,,,,,,,,,0.0038169282036337186,0.8592774267323856,0.0038246459523704076,0.0037320329675301447,0.9757852135874527
stoch_k_crossover_d_4,"{'fastk_period': 5, 'slowk_period': 3, 'slowd_period': 9, 'oversold_threshold': 25}",0.0015870672023387703,20,stoch_k_crossover_d_4^5^25^9^3,5,3,9,25,12,0.0011219721116956327,0.9386489536660393,0.0011160618921469496,0.0011869845267311477,1.063547223575357,,,,,,,,,,
stoch_k_crossover_d_4,"{'fastk_period': 5, 'slowk_period': 3, 'slowd_period': 9, 'oversold_threshold': 25}",0.002823981161371691,40,stoch_k_crossover_d_4^5^25^9^3,5,3,9,25,12,,,,,,0.0021037148034815825,0.7997308627352608,0.0021558742427011625,0.0015299609720662072,0.7096707877307682,,,,,
stoch_k_crossover_d_4,"{'fastk_period': 5, 'slowk_period': 3, 'slowd_period': 9, 'oversold_threshold': 25}",0.004809874041487484,60,stoch_k_crossover_d_4^5^25^9^3,5,3,9,25,12,,,,,,,,,,,0.0036105786656050634,0.8044986069859061,0.003715804537034945,0.002453094079876366,0.6601784500305905
stoch_k_crossover_d_4,"{'fastk_period': 5, 'slowk_period': 6, 'slowd_period': 3, 'oversold_threshold': 15}",0.0003520313002162215,20,stoch_k_crossover_d_4^5^15^3^6,5,6,3,15,12,6.244109755086766e-05,0.024542947225754713,0.000501670609921344,-0.004769083538524372,-9.506404091067061,,,,,,,,,,
stoch_k_crossover_d_4,"{'fastk_period': 5, 'slowk_period': 6, 'slowd_period': 3, 'oversold_threshold': 15}",0.001151878693919425,40,stoch_k_crossover_d_4^5^15^3^6,5,6,3,15,12,,,,,,0.0009282825808193365,0.20177627948450746,0.0016129945866609548,-0.006603549483438465,-4.093968782070379,,,,,
stoch_k_crossover_d_4,"{'fastk_period': 5, 'slowk_period': 6, 'slowd_period': 3, 'oversold_threshold': 15}",0.0025372724428829683,60,stoch_k_crossover_d_4^5^15^3^6,5,6,3,15,12,,,,,,,,,,,0.002765583411663249,0.40224261093747204,0.0034845129593430793,-0.005142641612814885,-1.4758566470604848
stoch_k_crossover_d_4,"{'fastk_period': 5, 'slowk_period': 6, 'slowd_period': 3, 'oversold_threshold': 20}",0.0005759260100775176,20,stoch_k_crossover_d_4^5^20^3^6,5,6,3,20,12,0.0005141598013897516,0.22595990887075093,0.0008045713559410371,-0.0026803672986743885,-3.331422724513224,,,,,,,,,,
stoch_k_crossover_d_4,"{'fastk_period': 5, 'slowk_period': 6, 'slowd_period': 3, 'oversold_threshold': 20}",0.0012114744201181136,40,stoch_k_crossover_d_4^5^20^3^6,5,6,3,20,12,,,,,,0.0012384005322452695,0.31773634277451307,0.0016773812448094454,-0.0035903873059606657,-2.140471831952874,,,,,
stoch_k_crossover_d_4,"{'fastk_period': 5, 'slowk_period': 6, 'slowd_period': 3, 'oversold_threshold': 20}",0.0035862971717929076,60,stoch_k_crossover_d_4^5^20^3^6,5,6,3,20,12,,,,,,,,,,,0.0030367916117707678,0.5759327804816009,0.0032788918901986196,0.000373688549064392,0.1139679384311008
stoch_k_crossover_d_4,"{'fastk_period': 5, 'slowk_period': 6, 'slowd_period': 3, 'oversold_threshold': 25}",0.0008255123621997196,20,stoch_k_crossover_d_4^5^25^3^6,5,6,3,25,12,0.0008626925257696384,0.44699989712007776,0.0010067401099913649,-0.0007218309006693538,-0.7169982535766308,,,,,,,,,,
stoch_k_crossover_d_4,"{'fastk_period': 5, 'slowk_period': 6, 'slowd_period': 3, 'oversold_threshold': 25}",0.001955319941457181,40,stoch_k_crossover_d_4^5^25^3^6,5,6,3,25,12,,,,,,0.0019078504734506183,0.5927753468862395,0.0021836357123977547,-0.0011257871549678817,-0.5155563029932791,,,,,
stoch_k_crossover_d_4,"{'fastk_period': 5, 'slowk_period': 6, 'slowd_period': 3, 'oversold_threshold': 25}",0.004367729095415292,60,stoch_k_crossover_d_4^5^25^3^6,5,6,3,25,12,,,,,,,,,,,0.0036872056381234957,0.748785127231331,0.004004555334707699,0.00019635897569726042,0.04903390246487706
stoch_k_crossover_d_4,"{'fastk_period': 5, 'slowk_period': 6, 'slowd_period': 6, 'oversold_threshold': 15}",0.0008733625042626653,20,stoch_k_crossover_d_4^5^15^6^6,5,6,6,15,12,0.0008394383354183051,0.24447985045898743,0.001217885864961057,-0.0033234844895519674,-2.7288965125301288,,,,,,,,,,
stoch_k_crossover_d_4,"{'fastk_period': 5, 'slowk_period': 6, 'slowd_period': 6, 'oversold_threshold': 15}",0.0016193243286372447,40,stoch_k_crossover_d_4^5^15^6^6,5,6,6,15,12,,,,,,0.0017486915387385678,0.44528123214435006,0.0022147038629871992,-0.0033774440279963802,-1.5250093181491424,,,,,
stoch_k_crossover_d_4,"{'fastk_period': 5, 'slowk_period': 6, 'slowd_period': 6, 'oversold_threshold': 15}",0.003952623034128425,60,stoch_k_crossover_d_4^5^15^6^6,5,6,6,15,12,,,,,,,,,,,0.003945939957357581,0.6755233183987148,0.004566466950880703,-0.0028798569713967626,-0.6306531947726775
stoch_k_crossover_d_4,"{'fastk_period': 5, 'slowk_period': 6, 'slowd_period': 6, 'oversold_threshold': 20}",0.0009844834570014748,20,stoch_k_crossover_d_4^5^20^6^6,5,6,6,20,12,0.0010655651550830318,0.4160055897729277,0.0013502344314738368,-0.0020657968852158216,-1.5299542339184158,,,,,,,,,,
stoch_k_crossover_d_4,"{'fastk_period': 5, 'slowk_period': 6, 'slowd_period': 6, 'oversold_threshold': 20}",0.001923795629879815,40,stoch_k_crossover_d_4^5^20^6^6,5,6,6,20,12,,,,,,0.001889443333347515,0.5358001367651429,0.0021634936373568343,-0.0011251100107549975,-0.5200431336278658,,,,,
stoch_k_crossover_d_4,"{'fastk_period': 5, 'slowk_period': 6, 'slowd_period': 6, 'oversold_threshold': 20}",0.00458046212076078,60,stoch_k_crossover_d_4^5^20^6^6,5,6,6,20,12,,,,,,,,,,,0.003648332470439685,0.7363014807504713,0.00385550669258733,0.0013694160268155928,0.3551844507100605
stoch_k_crossover_d_4,"{'fastk_period': 5, 'slowk_period': 6, 'slowd_period': 6, 'oversold_threshold': 25}",0.0010538813324331548,20,stoch_k_crossover_d_4^5^25^6^6,5,6,6,25,12,0.0009900148097700828,0.47976350066355533,0.0011123559403728078,-0.0003557376268598918,-0.31980557117415653,,,,,,,,,,
stoch_k_crossover_d_4,"{'fastk_period': 5, 'slowk_period': 6, 'slowd_period': 6, 'oversold_threshold': 25}",0.0030434835123713954,40,stoch_k_crossover_d_4^5^25^6^6,5,6,6,25,12,,,,,,0.0024041218839106677,0.8258287708460564,0.002540661698152461,0.0009021839272509435,0.35509801557090465,,,,,
stoch_k_crossover_d_4,"{'fastk_period': 5, 'slowk_period': 6, 'slowd_period': 6, 'oversold_threshold': 25}",0.005092545582634388,60,stoch_k_crossover_d_4^5^25^6^6,5,6,6,25,12,,,,,,,,,,,0.0040395408200809635,0.8222244713512344,0.004276830577485711,0.00142935348862875,0.33420858337321535
stoch_k_crossover_d_4,"{'fastk_period': 5, 'slowk_period': 6, 'slowd_period': 9, 'oversold_threshold': 15}",0.0009220450361650982,20,stoch_k_crossover_d_4^5^15^9^6,5,6,9,15,12,0.0009368218947781998,0.2611956188675329,0.0012836780853291453,-0.002878596201282201,-2.2424595653544293,,,,,,,,,,
stoch_k_crossover_d_4,"{'fastk_period': 5, 'slowk_period': 6, 'slowd_period': 9, 'oversold_threshold': 15}",0.00163246631428267,40,stoch_k_crossover_d_4^5^15^9^6,5,6,9,15,12,,,,,,0.0018183359665289655,0.4766430428915903,0.0022259942666194555,-0.002665905334466423,-1.1976245287078147,,,,,
stoch_k_crossover_d_4,"{'fastk_period': 5, 'slowk_period': 6, 'slowd_period': 9, 'oversold_threshold': 15}",0.00374599041617366,60,stoch_k_crossover_d_4^5^15^9^6,5,6,9,15,12,,,,,,,,,,,0.0036377000733695507,0.5772580064042404,0.0041539864108316804,-0.0020414496387138725,-0.4914435043385586
stoch_k_crossover_d_4,"{'fastk_period': 5, 'slowk_period': 6, 'slowd_period': 9, 'oversold_threshold': 20}",0.001405853167304062,20,stoch_k_crossover_d_4^5^20^9^6,5,6,9,20,12,0.0014656105281763926,0.4728767055212508,0.00171035762524826,-0.001226607539614149,-0.7171643646375451,,,,,,,,,,
stoch_k_crossover_d_4,"{'fastk_period': 5, 'slowk_period': 6, 'slowd_period': 9, 'oversold_threshold': 20}",0.00217801386268286,40,stoch_k_crossover_d_4^5^20^9^6,5,6,9,20,12,,,,,,0.0021024544427991607,0.5696615343088609,0.002394873118289873,-0.0011141509875986749,-0.4652233887005529,,,,,
stoch_k_crossover_d_4,"{'fastk_period': 5, 'slowk_period': 6, 'slowd_period': 9, 'oversold_threshold': 20}",0.004695741487782378,60,stoch_k_crossover_d_4^5^20^9^6,5,6,9,20,12,,,,,,,,,,,0.0037441057385693417,0.6741286179918811,0.003947652389327,0.001505092580235102,0.381262692810623
stoch_k_crossover_d_4,"{'fastk_period': 5, 'slowk_period': 6, 'slowd_period': 9, 'oversold_threshold': 25}",0.0017239297709958068,20,stoch_k_crossover_d_4^5^25^9^6,5,6,9,25,12,0.0013620520506099764,0.5915749653275164,0.0014242368989622175,0.0006780187187353238,0.4760575429757283,,,,,,,,,,
stoch_k_crossover_d_4,"{'fastk_period': 5, 'slowk_period': 6, 'slowd_period': 9, 'oversold_threshold': 25}",0.0033381176721576523,40,stoch_k_crossover_d_4^5^25^9^6,5,6,9,25,12,,,,,,0.002577944037491273,0.8618623168914694,0.0026988488560504825,0.001247991033339965,0.4624160521409433,,,,,
stoch_k_crossover_d_4,"{'fastk_period': 5, 'slowk_period': 6, 'slowd_period': 9, 'oversold_threshold': 25}",0.005431120005700564,60,stoch_k_crossover_d_4^5^25^9^6,5,6,9,25,12,,,,,,,,,,,0.004237549446913748,0.7782466629916714,0.004441832051151392,0.0019904408002996677,0.44811257548193756
stoch_k_crossover_d_4,"{'fastk_period': 5, 'slowk_period': 9, 'slowd_period': 3, 'oversold_threshold': 15}",0.0012198050346249778,20,stoch_k_crossover_d_4^5^15^3^9,5,9,3,15,3,0.0011122889256547184,0.9666203311965282,0.0011122889256547184,0.0,0.0,,,,,,,,,,
stoch_k_crossover_d_4,"{'fastk_period': 5, 'slowk_period': 9, 'slowd_period': 3, 'oversold_threshold': 15}",0.0019699627021165793,40,stoch_k_crossover_d_4^5^15^3^9,5,9,3,15,3,,,,,,0.0017784381234931463,1.076925736652828,0.0017784381234931463,0.0,0.0,,,,,
stoch_k_crossover_d_4,"{'fastk_period': 5, 'slowk_period': 9, 'slowd_period': 3, 'oversold_threshold': 15}",0.00629139462274306,60,stoch_k_crossover_d_4^5^15^3^9,5,9,3,15,3,,,,,,,,,,,0.005767120889980271,0.9090735962786154,0.005767120889980271,0.0,0.0
stoch_k_crossover_d_4,"{'fastk_period': 5, 'slowk_period': 9, 'slowd_period': 3, 'oversold_threshold': 20}",0.00023964115204701305,20,stoch_k_crossover_d_4^5^20^3^9,5,9,3,20,11,5.201420528431721e-05,0.023734738229815856,0.00034153388119762055,-0.002843182553848716,-8.324745246002623,,,,,,,,,,
stoch_k_crossover_d_4,"{'fastk_period': 5, 'slowk_period': 9, 'slowd_period': 3, 'oversold_threshold': 20}",0.0039163607862427174,40,stoch_k_crossover_d_4^5^20^3^9,5,9,3,20,11,,,,,,0.0030915498277494873,0.6780490129779653,0.00326721997572397,0.0013348483480046622,0.40855784364775705,,,,,
stoch_k_crossover_d_4,"{'fastk_period': 5, 'slowk_period': 9, 'slowd_period': 3, 'oversold_threshold': 20}",0.005269454796947651,60,stoch_k_crossover_d_4^5^20^3^9,5,9,3,20,11,,,,,,,,,,,0.004398449300523194,0.4578717517311569,0.004738068895118038,0.0010022533545747552,0.2115320348354256
stoch_k_crossover_d_4,"{'fastk_period': 5, 'slowk_period': 9, 'slowd_period': 3, 'oversold_threshold': 25}",0.0003196906247046485,20,stoch_k_crossover_d_4^5^25^3^9,5,9,3,25,12,0.00029365896692086984,0.12468582149564397,0.00045107660670871773,-0.0014379350707454568,-3.187784623187081,,,,,,,,,,
stoch_k_crossover_d_4,"{'fastk_period': 5, 'slowk_period': 9, 'slowd_period': 3, 'oversold_threshold': 25}",0.0017259812636702756,40,stoch_k_crossover_d_4^5^25^3^9,5,9,3,25,12,,,,,,0.00178636394652579,0.5763041600672641,0.002086512122869963,-0.0015152659932601113,-0.726219597121673,,,,,
stoch_k_crossover_d_4,"{'fastk_period': 5, 'slowk_period': 9, 'slowd_period': 3, 'oversold_threshold': 25}",0.0023371398433751993,60,stoch_k_crossover_d_4^5^25^3^9,5,9,3,25,12,,,,,,,,,,,0.002618469942443424,0.4153339106741993,0.003205630499661619,-0.003840296186956722,-1.1979846670918863
stoch_k_crossover_d_4,"{'fastk_period': 5, 'slowk_period': 9, 'slowd_period': 6, 'oversold_threshold': 20}",0.0005918441075795653,20,stoch_k_crossover_d_4^5^20^6^9,5,9,6,20,11,0.0006397158793853569,0.3763509880897926,0.0008148255424541787,-0.0011113807513028616,-1.363949328288711,,,,,,,,,,
stoch_k_crossover_d_4,"{'fastk_period': 5, 'slowk_period': 9, 'slowd_period': 6, 'oversold_threshold': 20}",0.00370214006652495,40,stoch_k_crossover_d_4^5^20^6^9,5,9,6,20,11,,,,,,0.003080793156211262,0.6408214527107493,0.003343715536780644,0.00045156935051743954,0.1350501696541489,,,,,
stoch_k_crossover_d_4,"{'fastk_period': 5, 'slowk_period': 9, 'slowd_period': 6, 'oversold_threshold': 20}",0.0053281938876783,60,stoch_k_crossover_d_4^5^20^6^9,5,9,6,20,11,,,,,,,,,,,0.004660398408145646,0.507789031645507,0.005154302946532912,-0.0002786469757270147,-0.05406103960467614
stoch_k_crossover_d_4,"{'fastk_period': 5, 'slowk_period': 9, 'slowd_period': 6, 'oversold_threshold': 25}",0.001441521364238932,20,stoch_k_crossover_d_4^5^25^6^9,5,9,6,25,12,0.0010641917144096817,0.4407337998783879,0.0010653998370757682,0.001050902365082731,0.9863924589731224,,,,,,,,,,
stoch_k_crossover_d_4,"{'fastk_period': 5, 'slowk_period': 9, 'slowd_period': 6, 'oversold_threshold': 25}",0.002376154531179414,40,stoch_k_crossover_d_4^5^25^6^9,5,9,6,25,12,,,,,,0.0019046610772274835,0.8808964662915034,0.0020317366308845266,0.0005068299870000087,0.24945653845860807,,,,,
stoch_k_crossover_d_4,"{'fastk_period': 5, 'slowk_period': 9, 'slowd_period': 6, 'oversold_threshold': 25}",0.003459452679830277,60,stoch_k_crossover_d_4^5^25^6^9,5,9,6,25,12,,,,,,,,,,,0.0035404957406562514,0.5738549592818885,0.004119165374193979,-0.002824870228258752,-0.685787039762032
stoch_k_crossover_d_4,"{'fastk_period': 5, 'slowk_period': 9, 'slowd_period': 9, 'oversold_threshold': 20}",0.000331109178187411,20,stoch_k_crossover_d_4^5^20^9^9,5,9,9,20,11,0.0002901471264450262,0.14237039817409433,0.0004663733359427071,-0.001472114968531783,-3.1565161536435458,,,,,,,,,,
stoch_k_crossover_d_4,"{'fastk_period': 5, 'slowk_period': 9, 'slowd_period': 9, 'oversold_threshold': 20}",0.003387896496938985,40,stoch_k_crossover_d_4^5^20^9^9,5,9,9,20,11,,,,,,0.0029861112001054544,0.573984243787468,0.0033250872889419797,-0.0004036496882597952,-0.12139521557890705,,,,,
stoch_k_crossover_d_4,"{'fastk_period': 5, 'slowk_period': 9, 'slowd_period': 9, 'oversold_threshold': 20}",0.005069703377609151,60,stoch_k_crossover_d_4^5^20^9^9,5,9,9,20,11,,,,,,,,,,,0.004843380574400666,0.45588681742838416,0.005567248253813609,-0.0023952962197287602,-0.4302477832002486
stoch_k_crossover_d_4,"{'fastk_period': 5, 'slowk_period': 9, 'slowd_period': 9, 'oversold_threshold': 25}",0.0011216088370664963,20,stoch_k_crossover_d_4^5^25^9^9,5,9,9,25,12,0.0008294106068895144,0.41542854886074976,0.0008300024803909464,0.0008228999983737622,0.9914428183228576,,,,,,,,,,
stoch_k_crossover_d_4,"{'fastk_period': 5, 'slowk_period': 9, 'slowd_period': 9, 'oversold_threshold': 25}",0.002703354895594577,40,stoch_k_crossover_d_4^5^25^9^9,5,9,9,25,12,,,,,,0.002250307785777895,0.7953214080003503,0.002433442096060713,0.00023583037266690035,0.09691225981857779,,,,,
stoch_k_crossover_d_4,"{'fastk_period': 5, 'slowk_period': 9, 'slowd_period': 9, 'oversold_threshold': 25}",0.0026358808110579905,60,stoch_k_crossover_d_4^5^25^9^9,5,9,9,25,12,,,,,,,,,,,0.0029642471743606554,0.47217350897655935,0.0035957616750423135,-0.003982412333137581,-1.1075295564717085
stoch_k_crossover_d_4,"{'fastk_period': 10, 'slowk_period': 3, 'slowd_period': 3, 'oversold_threshold': 15}",0.0013527086801493576,20,stoch_k_crossover_d_4^10^15^3^3,10,3,3,15,12,0.0013884496550608078,0.8661744105426898,0.0016319732290418167,-0.0012903096587302879,-0.7906438878828115,,,,,,,,,,
stoch_k_crossover_d_4,"{'fastk_period': 10, 'slowk_period': 3, 'slowd_period': 3, 'oversold_threshold': 15}",0.0016890241855140476,40,stoch_k_crossover_d_4^10^15^3^3,10,3,3,15,12,,,,,,0.0016390046397564896,0.614419051669736,0.0018735487932122952,-0.000940981048257369,-0.5022452853464302,,,,,
stoch_k_crossover_d_4,"{'fastk_period': 10, 'slowk_period': 3, 'slowd_period': 3, 'oversold_threshold': 15}",0.003919426087561143,60,stoch_k_crossover_d_4^10^15^3^3,10,3,3,15,12,,,,,,,,,,,0.0034651900097929286,0.695119835051475,0.0038304337272324243,-0.0005524908820415253,-0.14423715991053382
stoch_k_crossover_d_4,"{'fastk_period': 10, 'slowk_period': 3, 'slowd_period': 3, 'oversold_threshold': 20}",0.0013013566757050404,20,stoch_k_crossover_d_4^10^20^3^3,10,3,3,20,12,0.0012736596474222214,0.8888906168157359,0.0014739354098619194,-0.0009293737394144563,-0.6305389864414218,,,,,,,,,,
stoch_k_crossover_d_4,"{'fastk_period': 10, 'slowk_period': 3, 'slowd_period': 3, 'oversold_threshold': 20}",0.002148330841689865,40,stoch_k_crossover_d_4^10^20^3^3,10,3,3,20,12,,,,,,0.0018103513677327507,0.7744416232437905,0.0019666743783841437,9.079825056742738e-05,0.04616842094725865,,,,,
stoch_k_crossover_d_4,"{'fastk_period': 10, 'slowk_period': 3, 'slowd_period': 3, 'oversold_threshold': 20}",0.004373592407889005,60,stoch_k_crossover_d_4^10^20^3^3,10,3,3,20,12,,,,,,,,,,,0.003513664536456558,0.8243846045811006,0.003742909786193027,0.000991966789355403,0.2650255672777912
stoch_k_crossover_d_4,"{'fastk_period': 10, 'slowk_period': 3, 'slowd_period': 3, 'oversold_threshold': 25}",0.0012623660691554752,20,stoch_k_crossover_d_4^10^25^3^3,10,3,3,25,12,0.0012229118254392121,0.7677370468597183,0.0014044012599155897,-0.0007734719538009409,-0.5507485473542154,,,,,,,,,,
stoch_k_crossover_d_4,"{'fastk_period': 10, 'slowk_period': 3, 'slowd_period': 3, 'oversold_threshold': 25}",0.002644529912392381,40,stoch_k_crossover_d_4^10^25^3^3,10,3,3,25,12,,,,,,0.002143806829408443,0.8899569481579012,0.0022996925487526135,0.00042906391662256727,0.18657446920689366,,,,,
stoch_k_crossover_d_4,"{'fastk_period': 10, 'slowk_period': 3, 'slowd_period': 3, 'oversold_threshold': 25}",0.004619877521837761,60,stoch_k_crossover_d_4^10^25^3^3,10,3,3,25,12,,,,,,,,,,,0.003682842953467418,0.8726338621695603,0.003917020389110692,0.0011068911613914053,0.28258498844391017
stoch_k_crossover_d_4,"{'fastk_period': 10, 'slowk_period': 3, 'slowd_period': 6, 'oversold_threshold': 15}",0.0013665931966456778,20,stoch_k_crossover_d_4^10^15^6^3,10,3,6,15,12,0.0011408321535780449,0.98154587194014,0.0012445872001694898,-4.7335892784921424e-07,-0.0003803340800747039,,,,,,,,,,
stoch_k_crossover_d_4,"{'fastk_period': 10, 'slowk_period': 3, 'slowd_period': 6, 'oversold_threshold': 15}",0.0018944224165705413,40,stoch_k_crossover_d_4^10^15^6^3,10,3,6,15,12,,,,,,0.001570534824441574,0.48701286271347155,0.0016728170448796495,0.0004454303996227425,0.2662756223020127,,,,,
stoch_k_crossover_d_4,"{'fastk_period': 10, 'slowk_period': 3, 'slowd_period': 6, 'oversold_threshold': 15}",0.0040074208476479556,60,stoch_k_crossover_d_4^10^15^6^3,10,3,6,15,12,,,,,,,,,,,0.0033868983508308277,0.7457704566064192,0.0036797971470921616,0.00016501159195615703,0.04484257837053654
stoch_k_crossover_d_4,"{'fastk_period': 10, 'slowk_period': 3, 'slowd_period': 6, 'oversold_threshold': 20}",0.0012657715938372573,20,stoch_k_crossover_d_4^10^20^6^3,10,3,6,20,12,0.0010238679121241448,0.8404954283583708,0.0010949095115781217,0.00024241031813039982,0.22139758177916227,,,,,,,,,,
stoch_k_crossover_d_4,"{'fastk_period': 10, 'slowk_period': 3, 'slowd_period': 6, 'oversold_threshold': 20}",0.0022746751068577413,40,stoch_k_crossover_d_4^10^20^6^3,10,3,6,20,12,,,,,,0.0016647744514487366,0.5730990629045459,0.0016703514301790437,0.0016034276854153585,0.9599343326472851,,,,,
stoch_k_crossover_d_4,"{'fastk_period': 10, 'slowk_period': 3, 'slowd_period': 6, 'oversold_threshold': 20}",0.004344125722901737,60,stoch_k_crossover_d_4^10^20^6^3,10,3,6,20,12,,,,,,,,,,,0.0033017840493248644,0.8041084213176628,0.0034198319559769342,0.0020032570761520964,0.58577646560994
stoch_k_crossover_d_4,"{'fastk_period': 10, 'slowk_period': 3, 'slowd_period': 6, 'oversold_threshold': 25}",0.0013951795121814388,20,stoch_k_crossover_d_4^10^25^6^3,10,3,6,25,12,0.001083757227920099,0.8259395825389862,0.0011359949764255216,0.0005091419943604509,0.44819035728705214,,,,,,,,,,
stoch_k_crossover_d_4,"{'fastk_period': 10, 'slowk_period': 3, 'slowd_period': 6, 'oversold_threshold': 25}",0.0028711238617583883,40,stoch_k_crossover_d_4^10^25^6^3,10,3,6,25,12,,,,,,0.002073580889504466,0.7429243309465648,0.0020558246048286415,0.002268900020938537,1.103644744600017,,,,,
stoch_k_crossover_d_4,"{'fastk_period': 10, 'slowk_period': 3, 'slowd_period': 6, 'oversold_threshold': 25}",0.0046675629142790285,60,stoch_k_crossover_d_4^10^25^6^3,10,3,6,25,12,,,,,,,,,,,0.003560791323303747,0.8143145710560962,0.0036968486546867896,0.0020641606780902755,0.5583568252039137
stoch_k_crossover_d_4,"{'fastk_period': 10, 'slowk_period': 3, 'slowd_period': 9, 'oversold_threshold': 15}",0.0018528745712713451,20,stoch_k_crossover_d_4^10^15^9^3,10,3,9,15,12,0.0013680349755941328,0.8751452095161126,0.0014005025881222678,0.001010891237784646,0.7218060475989584,,,,,,,,,,
stoch_k_crossover_d_4,"{'fastk_period': 10, 'slowk_period': 3, 'slowd_period': 9, 'oversold_threshold': 15}",0.0019171375956096787,40,stoch_k_crossover_d_4^10^15^9^3,10,3,9,15,12,,,,,,0.0015574404899300733,0.4708856512393528,0.0016416798533605522,0.0006308074921948049,0.3842451321453017,,,,,
stoch_k_crossover_d_4,"{'fastk_period': 10, 'slowk_period': 3, 'slowd_period': 9, 'oversold_threshold': 15}",0.004431934559522403,60,stoch_k_crossover_d_4^10^15^9^3,10,3,9,15,12,,,,,,,,,,,0.0035796935103668045,0.7203521268743879,0.003805550052549517,0.0010952715463569652,0.28780899770933016
stoch_k_crossover_d_4,"{'fastk_period': 10, 'slowk_period': 3, 'slowd_period': 9, 'oversold_threshold': 20}",0.0016444271797202154,20,stoch_k_crossover_d_4^10^20^9^3,10,3,9,20,12,0.0012149959668623443,0.8772453321574829,0.0012444263791868528,0.0008912614312927509,0.7162026184908818,,,,,,,,,,
stoch_k_crossover_d_4,"{'fastk_period': 10, 'slowk_period': 3, 'slowd_period': 9, 'oversold_threshold': 20}",0.0019702263029763955,40,stoch_k_crossover_d_4^10^20^9^3,10,3,9,20,12,,,,,,0.001503847540047379,0.5192187469474905,0.0015395101561125177,0.0011115587633308526,0.7220210655431444,,,,,
stoch_k_crossover_d_4,"{'fastk_period': 10, 'slowk_period': 3, 'slowd_period': 9, 'oversold_threshold': 20}",0.0044267525105556186,60,stoch_k_crossover_d_4^10^20^9^3,10,3,9,20,12,,,,,,,,,,,0.003390049869734877,0.7524845050748707,0.0035161833551371497,0.0020025815303098735,0.5695327370753003
stoch_k_crossover_d_4,"{'fastk_period': 10, 'slowk_period': 3, 'slowd_period': 9, 'oversold_threshold': 25}",0.0018937472113702031,20,stoch_k_crossover_d_4^10^25^9^3,10,3,9,25,12,0.0013824411722356646,0.8202375002208933,0.0014028687654804829,0.0011577376465426632,0.8252643975191348,,,,,,,,,,
stoch_k_crossover_d_4,"{'fastk_period': 10, 'slowk_period': 3, 'slowd_period': 9, 'oversold_threshold': 25}",0.0025892054461901536,40,stoch_k_crossover_d_4^10^25^9^3,10,3,9,25,12,,,,,,0.0019709932861229807,0.6706836570096638,0.0020300476148225424,0.0013213956704278035,0.6509185601261446,,,,,
stoch_k_crossover_d_4,"{'fastk_period': 10, 'slowk_period': 3, 'slowd_period': 9, 'oversold_threshold': 25}",0.004894998706488552,60,stoch_k_crossover_d_4^10^25^9^3,10,3,9,25,12,,,,,,,,,,,0.003781534934709859,0.7889322445856246,0.003946291311324617,0.0019692147919475166,0.49900390939120187
stoch_k_crossover_d_4,"{'fastk_period': 10, 'slowk_period': 6, 'slowd_period': 3, 'oversold_threshold': 15}",0.0004967391335683459,20,stoch_k_crossover_d_4^10^15^3^6,10,6,3,15,12,0.0005370722674482074,0.20799311329962503,0.0006951683115308119,-0.0012019842174604415,-1.7290549605369432,,,,,,,,,,
stoch_k_crossover_d_4,"{'fastk_period': 10, 'slowk_period': 6, 'slowd_period': 3, 'oversold_threshold': 15}",0.0016747496544307213,40,stoch_k_crossover_d_4^10^15^3^6,10,6,3,15,12,,,,,,0.0019011601185523234,0.4096952471417592,0.0022983377030048237,-0.002467793310425178,-1.0737296382506407,,,,,
stoch_k_crossover_d_4,"{'fastk_period': 10, 'slowk_period': 6, 'slowd_period': 3, 'oversold_threshold': 15}",0.0029619558755412732,60,stoch_k_crossover_d_4^10^15^3^6,10,6,3,15,12,,,,,,,,,,,0.0030669129256878365,0.44266817942225123,0.003567169109665827,-0.002435905098070062,-0.6828678493177067
stoch_k_crossover_d_4,"{'fastk_period': 10, 'slowk_period': 6, 'slowd_period': 3, 'oversold_threshold': 20}",0.0007668382900790664,20,stoch_k_crossover_d_4^10^20^3^6,10,6,3,20,12,0.0006303050595454436,0.2684779295804939,0.0005744528174461653,0.0012446797226375057,2.1667222874298995,,,,,,,,,,
stoch_k_crossover_d_4,"{'fastk_period': 10, 'slowk_period': 6, 'slowd_period': 3, 'oversold_threshold': 20}",0.001252510891223877,40,stoch_k_crossover_d_4^10^20^3^6,10,6,3,20,12,,,,,,0.0011121120130524649,0.28658138634718827,0.0012112986833842246,2.1058639403109175e-05,0.017385174847440465,,,,,
stoch_k_crossover_d_4,"{'fastk_period': 10, 'slowk_period': 6, 'slowd_period': 3, 'oversold_threshold': 20}",0.0028509155683744303,60,stoch_k_crossover_d_4^10^20^3^6,10,6,3,20,12,,,,,,,,,,,0.002487761435623188,0.4317114674242161,0.002705656260149733,9.091836583119089e-05,0.03360307337272747
stoch_k_crossover_d_4,"{'fastk_period': 10, 'slowk_period': 6, 'slowd_period': 3, 'oversold_threshold': 25}",0.000775619068557267,20,stoch_k_crossover_d_4^10^25^3^6,10,6,3,25,12,0.0006163968673621095,0.288640057551835,0.0006370300276012614,0.00038943210473143923,0.6113245653393249,,,,,,,,,,
stoch_k_crossover_d_4,"{'fastk_period': 10, 'slowk_period': 6, 'slowd_period': 3, 'oversold_threshold': 25}",0.001312413513054603,40,stoch_k_crossover_d_4^10^25^3^6,10,6,3,25,12,,,,,,0.0012819578420244333,0.35425194647364233,0.0014554506807410684,-0.0006264633838585526,-0.4304257039747838,,,,,
stoch_k_crossover_d_4,"{'fastk_period': 10, 'slowk_period': 6, 'slowd_period': 3, 'oversold_threshold': 25}",0.0025961906134622363,60,stoch_k_crossover_d_4^10^25^3^6,10,6,3,25,12,,,,,,,,,,,0.0026409984721682185,0.4832748988963677,0.003056994462916995,-0.001934957426068324,-0.6329607232006501
stoch_k_crossover_d_4,"{'fastk_period': 10, 'slowk_period': 6, 'slowd_period': 6, 'oversold_threshold': 15}",0.0006201596152824229,20,stoch_k_crossover_d_4^10^15^6^6,10,6,6,15,12,0.0006573129365928231,0.257191003017866,0.0008637280004687997,-0.00161325276604292,-1.8677787048321994,,,,,,,,,,
stoch_k_crossover_d_4,"{'fastk_period': 10, 'slowk_period': 6, 'slowd_period': 6, 'oversold_threshold': 15}",0.0019445635514853132,40,stoch_k_crossover_d_4^10^15^6^6,10,6,6,15,12,,,,,,0.0021648524199744394,0.47138335653446056,0.0025810618673830807,-0.002413451501520613,-0.9350614690873695,,,,,
stoch_k_crossover_d_4,"{'fastk_period': 10, 'slowk_period': 6, 'slowd_period': 6, 'oversold_threshold': 15}",0.003337236844771448,60,stoch_k_crossover_d_4^10^15^6^6,10,6,6,15,12,,,,,,,,,,,0.00332151485361965,0.4652343520106851,0.0038124235845286058,-0.002078481186378862,-0.545186320537323
stoch_k_crossover_d_4,"{'fastk_period': 10, 'slowk_period': 6, 'slowd_period': 6, 'oversold_threshold': 20}",0.0007577443179538204,20,stoch_k_crossover_d_4^10^20^6^6,10,6,6,20,12,0.0005825249812428182,0.2698381157994444,0.0005675651728951213,0.0007470828730674836,1.3162944252845035,,,,,,,,,,
stoch_k_crossover_d_4,"{'fastk_period': 10, 'slowk_period': 6, 'slowd_period': 6, 'oversold_threshold': 20}",0.0013591476236915992,40,stoch_k_crossover_d_4^10^20^6^6,10,6,6,20,12,,,,,,0.0012226684705088878,0.3471541385917676,0.001342634438173323,-9.695717379989982e-05,-0.07221412697547942,,,,,
stoch_k_crossover_d_4,"{'fastk_period': 10, 'slowk_period': 6, 'slowd_period': 6, 'oversold_threshold': 20}",0.0030524801501923596,60,stoch_k_crossover_d_4^10^20^6^6,10,6,6,20,12,,,,,,,,,,,0.002601761810241902,0.4743638547095252,0.0028052623215843358,0.00036325618547512707,0.12949098652206253
stoch_k_crossover_d_4,"{'fastk_period': 10, 'slowk_period': 6, 'slowd_period': 6, 'oversold_threshold': 25}",0.0007124131962439382,20,stoch_k_crossover_d_4^10^25^6^6,10,6,6,25,12,0.0006187051038742702,0.34392606893478683,0.0005297893152994173,0.0015967787781976518,3.013988263042284,,,,,,,,,,
stoch_k_crossover_d_4,"{'fastk_period': 10, 'slowk_period': 6, 'slowd_period': 6, 'oversold_threshold': 25}",0.0016793124333864924,40,stoch_k_crossover_d_4^10^25^6^6,10,6,6,25,12,,,,,,0.0013255115515964022,0.39346852838872903,0.0013722188549160897,0.000811731215079842,0.5915464666381361,,,,,
stoch_k_crossover_d_4,"{'fastk_period': 10, 'slowk_period': 6, 'slowd_period': 6, 'oversold_threshold': 25}",0.0035171709035676903,60,stoch_k_crossover_d_4^10^25^6^6,10,6,6,25,12,,,,,,,,,,,0.002933347682172616,0.572651288550436,0.003144949073473781,0.0006057323778597981,0.1926048287932151
stoch_k_crossover_d_4,"{'fastk_period': 10, 'slowk_period': 6, 'slowd_period': 9, 'oversold_threshold': 15}",0.0008519547047031809,20,stoch_k_crossover_d_4^10^15^9^6,10,6,9,15,12,0.0009342865163247923,0.2750473529903581,0.0011844988229876773,-0.0018180488569669432,-1.534867592676246,,,,,,,,,,
stoch_k_crossover_d_4,"{'fastk_period': 10, 'slowk_period': 6, 'slowd_period': 9, 'oversold_threshold': 15}",0.0021210397296596364,40,stoch_k_crossover_d_4^10^15^9^6,10,6,9,15,12,,,,,,0.0024109552168268705,0.4268271344015389,0.0028892281836396293,-0.002850047418113478,-0.9864390200303271,,,,,
stoch_k_crossover_d_4,"{'fastk_period': 10, 'slowk_period': 6, 'slowd_period': 9, 'oversold_threshold': 15}",0.0031191193710660625,60,stoch_k_crossover_d_4^10^15^9^6,10,6,9,15,12,,,,,,,,,,,0.0032317361362622127,0.43505701757888365,0.003758770709532112,-0.0025656441697066764,-0.682575333259965
stoch_k_crossover_d_4,"{'fastk_period': 10, 'slowk_period': 6, 'slowd_period': 9, 'oversold_threshold': 20}",0.0007876550010293188,20,stoch_k_crossover_d_4^10^20^9^6,10,6,9,20,12,0.0006713176266957456,0.25440620517277823,0.0007167955410981578,0.0001710605682692126,0.238646250515372,,,,,,,,,,
stoch_k_crossover_d_4,"{'fastk_period': 10, 'slowk_period': 6, 'slowd_period': 9, 'oversold_threshold': 20}",0.0009937290047854247,40,stoch_k_crossover_d_4^10^20^9^6,10,6,9,20,12,,,,,,0.0010947239145234157,0.2933485464017155,0.0012937379202335839,-0.001094430148288434,-0.8459442450993746,,,,,
stoch_k_crossover_d_4,"{'fastk_period': 10, 'slowk_period': 6, 'slowd_period': 9, 'oversold_threshold': 20}",0.002736649877380571,60,stoch_k_crossover_d_4^10^20^9^6,10,6,9,20,12,,,,,,,,,,,0.0025342935249000266,0.409357935694111,0.0028236644263451892,-0.0006487863909967612,-0.22976752653165589
stoch_k_crossover_d_4,"{'fastk_period': 10, 'slowk_period': 6, 'slowd_period': 9, 'oversold_threshold': 25}",0.0010710469426602697,20,stoch_k_crossover_d_4^10^25^9^6,10,6,9,25,12,0.0007984856360562431,0.37602468656487836,0.0008010068850634086,0.0007707518969774226,0.9622288039589186,,,,,,,,,,
stoch_k_crossover_d_4,"{'fastk_period': 10, 'slowk_period': 6, 'slowd_period': 9, 'oversold_threshold': 25}",0.0013419762417939058,40,stoch_k_crossover_d_4^10^25^9^6,10,6,9,25,12,,,,,,0.00125546257442127,0.35000606051379385,0.0014013350541074222,-0.0003491347021264042,-0.24914434353373463,,,,,
stoch_k_crossover_d_4,"{'fastk_period': 10, 'slowk_period': 6, 'slowd_period': 9, 'oversold_threshold': 25}",0.003460567217270681,60,stoch_k_crossover_d_4^10^25^9^6,10,6,9,25,12,,,,,,,,,,,0.003107053953993876,0.515928318273569,0.003432438259991938,-0.0004721734119848081,-0.13756209907353645
stoch_k_crossover_d_4,"{'fastk_period': 10, 'slowk_period': 9, 'slowd_period': 3, 'oversold_threshold': 15}",0.0011117656120109849,20,stoch_k_crossover_d_4^10^15^3^9,10,9,3,15,12,0.0012422115278064416,0.33507463092242207,0.0014766263337120417,-0.0013363513371551588,-0.90500305097211,,,,,,,,,,
stoch_k_crossover_d_4,"{'fastk_period': 10, 'slowk_period': 9, 'slowd_period': 3, 'oversold_threshold': 15}",0.0025296790623139413,40,stoch_k_crossover_d_4^10^15^3^9,10,9,3,15,12,,,,,,0.0022946779024682813,0.48502126720410504,0.002542687184340337,-0.00043342419812432984,-0.17045911144464096,,,,,
stoch_k_crossover_d_4,"{'fastk_period': 10, 'slowk_period': 9, 'slowd_period': 3, 'oversold_threshold': 15}",0.0028778757590573185,60,stoch_k_crossover_d_4^10^15^3^9,10,9,3,15,12,,,,,,,,,,,0.0029069905645510087,0.37403997286181634,0.003343936166444716,-0.0018994110562797698,-0.568016541505704
stoch_k_crossover_d_4,"{'fastk_period': 10, 'slowk_period': 9, 'slowd_period': 3, 'oversold_threshold': 20}",0.0008324397411143182,20,stoch_k_crossover_d_4^10^20^3^9,10,9,3,20,12,0.000912104751707815,0.43628985663776015,0.0011394850531167922,-0.001589078563790934,-1.3945584976690875,,,,,,,,,,
stoch_k_crossover_d_4,"{'fastk_period': 10, 'slowk_period': 9, 'slowd_period': 3, 'oversold_threshold': 20}",0.0018042335838988057,40,stoch_k_crossover_d_4^10^20^3^9,10,9,3,20,12,,,,,,0.001950744507321302,0.4580303630261991,0.0023032463747725824,-0.0019267760346427826,-0.8365479506433733,,,,,
stoch_k_crossover_d_4,"{'fastk_period': 10, 'slowk_period': 9, 'slowd_period': 3, 'oversold_threshold': 20}",0.0030888126849328975,60,stoch_k_crossover_d_4^10^20^3^9,10,9,3,20,12,,,,,,,,,,,0.0028449824728042036,0.4157741802543585,0.003163662018767877,-0.0006604925327962046,-0.2087746822757763
stoch_k_crossover_d_4,"{'fastk_period': 10, 'slowk_period': 9, 'slowd_period': 3, 'oversold_threshold': 25}",0.0012919977564005705,20,stoch_k_crossover_d_4^10^25^3^9,10,9,3,25,12,0.0009954334987663323,0.5977284087649634,0.000937790052421488,0.0016295114085596203,1.7376079052577105,,,,,,,,,,
stoch_k_crossover_d_4,"{'fastk_period': 10, 'slowk_period': 9, 'slowd_period': 3, 'oversold_threshold': 25}",0.002629374831626824,40,stoch_k_crossover_d_4^10^25^3^9,10,9,3,25,12,,,,,,0.00197460522714144,0.6913045666451187,0.002021400237597592,0.0014598601121237724,0.7222024045365688,,,,,
stoch_k_crossover_d_4,"{'fastk_period': 10, 'slowk_period': 9, 'slowd_period': 3, 'oversold_threshold': 25}",0.004683054819933051,60,stoch_k_crossover_d_4^10^25^3^9,10,9,3,25,12,,,,,,,,,,,0.0034902535190488738,0.5690785471614429,0.0035365265040746964,0.0029812506837648303,0.8429883616961187
stoch_k_crossover_d_4,"{'fastk_period': 10, 'slowk_period': 9, 'slowd_period': 6, 'oversold_threshold': 15}",0.0010617768540517331,20,stoch_k_crossover_d_4^10^15^6^9,10,9,6,15,12,0.0011457657777932272,0.23849355671473832,0.0014814914604521863,-0.0025472167314553257,-1.7193597124602087,,,,,,,,,,
stoch_k_crossover_d_4,"{'fastk_period': 10, 'slowk_period': 9, 'slowd_period': 6, 'oversold_threshold': 15}",0.0022649436599877053,40,stoch_k_crossover_d_4^10^15^6^9,10,9,6,15,12,,,,,,0.0021977399652186517,0.45779420238445906,0.002498290889738477,-0.0011083202044994277,-0.443631367768966,,,,,
stoch_k_crossover_d_4,"{'fastk_period': 10, 'slowk_period': 9, 'slowd_period': 6, 'oversold_threshold': 15}",0.0023482105852054985,60,stoch_k_crossover_d_4^10^15^6^9,10,9,6,15,12,,,,,,,,,,,0.0023427653976039833,0.2881668402416717,0.0026745726734599563,-0.0013071146368117182,-0.4887190577329767
stoch_k_crossover_d_4,"{'fastk_period': 10, 'slowk_period': 9, 'slowd_period': 6, 'oversold_threshold': 20}",0.001109513677402408,20,stoch_k_crossover_d_4^10^20^6^9,10,9,6,20,12,0.0011594444205696483,0.3176105447120947,0.00153622733895363,-0.002985167681654149,-1.9431809381073997,,,,,,,,,,
stoch_k_crossover_d_4,"{'fastk_period': 10, 'slowk_period': 9, 'slowd_period': 6, 'oversold_threshold': 20}",0.0016406570459287465,40,stoch_k_crossover_d_4^10^20^6^9,10,9,6,20,12,,,,,,0.0017622695269382468,0.3510963863047459,0.0022642971260505526,-0.0037600340632971173,-1.6605744979482746,,,,,
stoch_k_crossover_d_4,"{'fastk_period': 10, 'slowk_period': 9, 'slowd_period': 6, 'oversold_threshold': 20}",0.0028207551697169908,60,stoch_k_crossover_d_4^10^20^6^9,10,9,6,20,12,,,,,,,,,,,0.002830316410488443,0.3836007567806866,0.0032489525659389878,-0.001774681299467545,-0.5462318280890752
stoch_k_crossover_d_4,"{'fastk_period': 10, 'slowk_period': 9, 'slowd_period': 6, 'oversold_threshold': 25}",0.001702191268648785,20,stoch_k_crossover_d_4^10^25^6^9,10,9,6,25,12,0.0012457093612946828,0.5415103371461789,0.001242116031842816,0.0012852359852652167,1.0347149157703306,,,,,,,,,,
stoch_k_crossover_d_4,"{'fastk_period': 10, 'slowk_period': 9, 'slowd_period': 6, 'oversold_threshold': 25}",0.0021181212313050642,40,stoch_k_crossover_d_4^10^25^6^9,10,9,6,25,12,,,,,,0.0017863449309976312,0.5229441535572108,0.0019208616747530744,0.00030666074968775496,0.15964749243444404,,,,,
stoch_k_crossover_d_4,"{'fastk_period': 10, 'slowk_period': 9, 'slowd_period': 6, 'oversold_threshold': 25}",0.004036881406161456,60,stoch_k_crossover_d_4^10^25^6^9,10,9,6,25,12,,,,,,,,,,,0.0031878112706921094,0.47773365053668976,0.00331447883024328,0.0017944681156292315,0.541402798912286
stoch_k_crossover_d_4,"{'fastk_period': 10, 'slowk_period': 9, 'slowd_period': 9, 'oversold_threshold': 15}",0.001183990435582169,20,stoch_k_crossover_d_4^10^15^9^9,10,9,9,15,12,0.001326545812251703,0.21496899690604654,0.0016558199133906626,-0.0022954693002768516,-1.3863037167951215,,,,,,,,,,
stoch_k_crossover_d_4,"{'fastk_period': 10, 'slowk_period': 9, 'slowd_period': 9, 'oversold_threshold': 15}",0.00209129802663395,40,stoch_k_crossover_d_4^10^15^9^9,10,9,9,15,12,,,,,,0.0020409856894074083,0.38040572523035,0.0023186474982625064,-0.0010132942079986715,-0.4370195162300393,,,,,
stoch_k_crossover_d_4,"{'fastk_period': 10, 'slowk_period': 9, 'slowd_period': 9, 'oversold_threshold': 15}",0.002168568117626054,60,stoch_k_crossover_d_4^10^15^9^9,10,9,9,15,12,,,,,,,,,,,0.002056885120768995,0.24000924615962946,0.002298715671566466,-0.0006032509380031801,-0.2624295581506577
stoch_k_crossover_d_4,"{'fastk_period': 10, 'slowk_period': 9, 'slowd_period': 9, 'oversold_threshold': 20}",0.0014081870387584417,20,stoch_k_crossover_d_4^10^20^9^9,10,9,9,20,12,0.0015834532107663168,0.34889081311232273,0.001943875731209807,-0.0023811945141120764,-1.2249726028680321,,,,,,,,,,
stoch_k_crossover_d_4,"{'fastk_period': 10, 'slowk_period': 9, 'slowd_period': 9, 'oversold_threshold': 20}",0.0018436371171381097,40,stoch_k_crossover_d_4^10^20^9^9,10,9,9,20,12,,,,,,0.0020696587387653833,0.3927666837885282,0.0025342311535826753,-0.0030406378242248283,-1.199826550915152,,,,,
stoch_k_crossover_d_4,"{'fastk_period': 10, 'slowk_period': 9, 'slowd_period': 9, 'oversold_threshold': 20}",0.0031618114407767476,60,stoch_k_crossover_d_4^10^20^9^9,10,9,9,20,12,,,,,,,,,,,0.002918159984057401,0.3799492076488843,0.003243173877822173,-0.000656992847355094,-0.20257712725420443
stoch_k_crossover_d_4,"{'fastk_period': 10, 'slowk_period': 9, 'slowd_period': 9, 'oversold_threshold': 25}",0.0019352362651492395,20,stoch_k_crossover_d_4^10^25^9^9,10,9,9,25,12,0.0016840967305783376,0.5150395706496669,0.0018357835727620744,1.554146655723018e-05,0.008465849018273365,,,,,,,,,,
stoch_k_crossover_d_4,"{'fastk_period': 10, 'slowk_period': 9, 'slowd_period': 9, 'oversold_threshold': 25}",0.002238331739821119,40,stoch_k_crossover_d_4^10^25^9^9,10,9,9,25,12,,,,,,0.0021022177987965224,0.5655979701199482,0.00236933686563373,-0.0008360919364127647,-0.35288014487932845,,,,,
stoch_k_crossover_d_4,"{'fastk_period': 10, 'slowk_period': 9, 'slowd_period': 9, 'oversold_threshold': 25}",0.004644935975966657,60,stoch_k_crossover_d_4^10^25^9^9,10,9,9,25,12,,,,,,,,,,,0.0037475880767182303,0.579801832378484,0.003956928777637845,0.0014448403666024632,0.36514186830145196
stoch_k_crossover_d_4,"{'fastk_period': 15, 'slowk_period': 3, 'slowd_period': 3, 'oversold_threshold': 15}",0.001623053666831016,20,stoch_k_crossover_d_4^15^15^3^3,15,3,3,15,12,0.001514433002335432,0.6601916150320487,0.0017084442438330834,-0.0006196906541387361,-0.36272219967120006,,,,,,,,,,
stoch_k_crossover_d_4,"{'fastk_period': 15, 'slowk_period': 3, 'slowd_period': 3, 'oversold_threshold': 15}",0.0025162997694191704,40,stoch_k_crossover_d_4^15^15^3^3,15,3,3,15,12,,,,,,0.0022349085802279385,0.597475882637233,0.002465755552889608,-0.00030440811905042484,-0.1234542972816954,,,,,
stoch_k_crossover_d_4,"{'fastk_period': 15, 'slowk_period': 3, 'slowd_period': 3, 'oversold_threshold': 15}",0.004039673646327697,60,stoch_k_crossover_d_4^15^15^3^3,15,3,3,15,12,,,,,,,,,,,0.0036200519129154546,0.6269993208500688,0.004013415827520501,-0.0007069511477400527,-0.17614699750083185
stoch_k_crossover_d_4,"{'fastk_period': 15, 'slowk_period': 3, 'slowd_period': 3, 'oversold_threshold': 20}",0.0013696091607197235,20,stoch_k_crossover_d_4^15^20^3^3,15,3,3,20,12,0.0011953556481087172,0.7492025754833594,0.001317013384692512,-0.00014287945431302554,-0.10848747322821184,,,,,,,,,,
stoch_k_crossover_d_4,"{'fastk_period': 15, 'slowk_period': 3, 'slowd_period': 3, 'oversold_threshold': 20}",0.0023901560524361098,40,stoch_k_crossover_d_4^15^20^3^3,15,3,3,20,12,,,,,,0.0019960593490080296,0.6634069006103632,0.002149720591891299,0.0003057856772920704,0.14224438210504545,,,,,
stoch_k_crossover_d_4,"{'fastk_period': 15, 'slowk_period': 3, 'slowd_period': 3, 'oversold_threshold': 20}",0.00416249357820423,60,stoch_k_crossover_d_4^15^20^3^3,15,3,3,20,12,,,,,,,,,,,0.00352488161054474,0.6890125061996185,0.003824084379543069,0.00023365115156311503,0.06109989434674385
stoch_k_crossover_d_4,"{'fastk_period': 15, 'slowk_period': 3, 'slowd_period': 3, 'oversold_threshold': 25}",0.00094708753612433,20,stoch_k_crossover_d_4^15^25^3^3,15,3,3,25,12,0.0010070552400118693,0.7299289791662918,0.0011924953102925944,-0.0010327855330761072,-0.8660709389479273,,,,,,,,,,
stoch_k_crossover_d_4,"{'fastk_period': 15, 'slowk_period': 3, 'slowd_period': 3, 'oversold_threshold': 25}",0.001691247563584242,40,stoch_k_crossover_d_4^15^25^3^3,15,3,3,25,12,,,,,,0.001630720342762777,0.583754315284767,0.001857664175478621,-0.000865661817111508,-0.46599478449245174,,,,,
stoch_k_crossover_d_4,"{'fastk_period': 15, 'slowk_period': 3, 'slowd_period': 3, 'oversold_threshold': 25}",0.003653901202150441,60,stoch_k_crossover_d_4^15^25^3^3,15,3,3,25,12,,,,,,,,,,,0.003283726660046377,0.644424235338316,0.0036472720249561053,-0.0007152723539606328,-0.19611160041435108
stoch_k_crossover_d_4,"{'fastk_period': 15, 'slowk_period': 3, 'slowd_period': 6, 'oversold_threshold': 15}",0.0010558392859730062,20,stoch_k_crossover_d_4^15^15^6^3,15,3,6,15,12,0.0011895778679014398,0.5308919471405686,0.0014323020734381873,-0.001480388393002783,-1.0335727500897671,,,,,,,,,,
stoch_k_crossover_d_4,"{'fastk_period': 15, 'slowk_period': 3, 'slowd_period': 6, 'oversold_threshold': 15}",0.0017585342789893997,40,stoch_k_crossover_d_4^15^15^6^3,15,3,6,15,12,,,,,,0.0017431769909126546,0.45972760587217415,0.0019974757676955307,-0.0010541095536989844,-0.527720821822585,,,,,
stoch_k_crossover_d_4,"{'fastk_period': 15, 'slowk_period': 3, 'slowd_period': 6, 'oversold_threshold': 15}",0.003217410923744444,60,stoch_k_crossover_d_4^15^15^6^3,15,3,6,15,12,,,,,,,,,,,0.002957443497728691,0.571410700123964,0.0033057802725814183,-0.0008742610256513094,-0.26446434837262073
stoch_k_crossover_d_4,"{'fastk_period': 15, 'slowk_period': 3, 'slowd_period': 6, 'oversold_threshold': 20}",0.0010157774502481537,20,stoch_k_crossover_d_4^15^20^6^3,15,3,6,20,12,0.0010123429137295543,0.5826676679344726,0.0011672106088992335,-0.000691201733136915,-0.59218253147028,,,,,,,,,,
stoch_k_crossover_d_4,"{'fastk_period': 15, 'slowk_period': 3, 'slowd_period': 6, 'oversold_threshold': 20}",0.0020328306692833655,40,stoch_k_crossover_d_4^15^20^6^3,15,3,6,20,12,,,,,,0.0017468016669759349,0.5029709770419117,0.0018926106248508589,0.00014290313035177112,0.07550582696482122,,,,,
stoch_k_crossover_d_4,"{'fastk_period': 15, 'slowk_period': 3, 'slowd_period': 6, 'oversold_threshold': 20}",0.003615825557581956,60,stoch_k_crossover_d_4^15^20^6^3,15,3,6,20,12,,,,,,,,,,,0.003083578390960001,0.5912869553849854,0.003342139040869223,0.00023941124195856156,0.07163413581270262
stoch_k_crossover_d_4,"{'fastk_period': 15, 'slowk_period': 3, 'slowd_period': 6, 'oversold_threshold': 25}",0.0008020367631972802,20,stoch_k_crossover_d_4^15^25^6^3,15,3,6,25,12,0.0008686619148550126,0.5314373181720157,0.001028529784329957,-0.0008898846493693763,-0.8652006611058891,,,,,,,,,,
stoch_k_crossover_d_4,"{'fastk_period': 15, 'slowk_period': 3, 'slowd_period': 6, 'oversold_threshold': 25}",0.0016329347507711618,40,stoch_k_crossover_d_4^15^25^6^3,15,3,6,25,12,,,,,,0.0013869216550843246,0.4621825915739389,0.0014922263246912757,0.00022857028940786477,0.15317400961623787,,,,,
stoch_k_crossover_d_4,"{'fastk_period': 15, 'slowk_period': 3, 'slowd_period': 6, 'oversold_threshold': 25}",0.003646811649082707,60,stoch_k_crossover_d_4^15^25^6^3,15,3,6,25,12,,,,,,,,,,,0.00300069263937785,0.5620709810593411,0.0031955437027786043,0.00085733094196955,0.2682895374655898
stoch_k_crossover_d_4,"{'fastk_period': 15, 'slowk_period': 3, 'slowd_period': 9, 'oversold_threshold': 15}",0.0016325785120970843,20,stoch_k_crossover_d_4^15^15^9^3,15,3,9,15,12,0.0014909712066715575,0.5618559690388419,0.0016616372323861315,-0.000386355076188756,-0.2325146961433606,,,,,,,,,,
stoch_k_crossover_d_4,"{'fastk_period': 15, 'slowk_period': 3, 'slowd_period': 9, 'oversold_threshold': 15}",0.00205915504029677,40,stoch_k_crossover_d_4^15^15^9^3,15,3,9,15,12,,,,,,0.0019094865033550401,0.46765549966102354,0.002133474642864852,-0.0005543830312528867,-0.2598498337474756,,,,,
stoch_k_crossover_d_4,"{'fastk_period': 15, 'slowk_period': 3, 'slowd_period': 9, 'oversold_threshold': 15}",0.0040968160483875445,60,stoch_k_crossover_d_4^15^15^9^3,15,3,9,15,12,,,,,,,,,,,0.0034089262682525656,0.6324150966818928,0.0036604333776400866,0.000642348064989835,0.17548415685247695
stoch_k_crossover_d_4,"{'fastk_period': 15, 'slowk_period': 3, 'slowd_period': 9, 'oversold_threshold': 20}",0.001769563828062643,20,stoch_k_crossover_d_4^15^20^9^3,15,3,9,20,12,0.0013825124045629695,0.7915481568484783,0.0014509897320666805,0.0006292618020221479,0.4336776395556396,,,,,,,,,,
stoch_k_crossover_d_4,"{'fastk_period': 15, 'slowk_period': 3, 'slowd_period': 9, 'oversold_threshold': 20}",0.0024198068174128276,40,stoch_k_crossover_d_4^15^20^9^3,15,3,9,20,12,,,,,,0.0020232738632980666,0.5607644342331919,0.0021706382812427165,0.00040226526590691537,0.18532118841864967,,,,,
stoch_k_crossover_d_4,"{'fastk_period': 15, 'slowk_period': 3, 'slowd_period': 9, 'oversold_threshold': 20}",0.004491455173566818,60,stoch_k_crossover_d_4^15^20^9^3,15,3,9,20,12,,,,,,,,,,,0.0035452882812668056,0.7030725395357534,0.0037246178998282466,0.001572662477090955,0.42223458067026826
stoch_k_crossover_d_4,"{'fastk_period': 15, 'slowk_period': 3, 'slowd_period': 9, 'oversold_threshold': 25}",0.0013133192563837726,20,stoch_k_crossover_d_4^15^25^9^3,15,3,9,25,12,0.0011398203985011786,0.789137808088857,0.001254822963423574,-0.00012520781564517083,-0.09978125942448669,,,,,,,,,,
stoch_k_crossover_d_4,"{'fastk_period': 15, 'slowk_period': 3, 'slowd_period': 9, 'oversold_threshold': 25}",0.001611665699567912,40,stoch_k_crossover_d_4^15^25^9^3,15,3,9,25,12,,,,,,0.0014696211800688298,0.4905829260393079,0.0016323211670035411,-0.0003200786762129925,-0.196088050981145,,,,,
stoch_k_crossover_d_4,"{'fastk_period': 15, 'slowk_period': 3, 'slowd_period': 9, 'oversold_threshold': 25}",0.003972151283892041,60,stoch_k_crossover_d_4^15^25^9^3,15,3,9,25,12,,,,,,,,,,,0.0032189514287372938,0.6457823057808887,0.0034160991177841354,0.0010503268492220344,0.3074638097454656
stoch_k_crossover_d_4,"{'fastk_period': 15, 'slowk_period': 6, 'slowd_period': 3, 'oversold_threshold': 15}",0.0009795679704806268,20,stoch_k_crossover_d_4^15^15^3^6,15,6,3,15,12,0.0011037406726848822,0.44690658878755873,0.0013395188356276218,-0.0014898191196852548,-1.1122046813079793,,,,,,,,,,
stoch_k_crossover_d_4,"{'fastk_period': 15, 'slowk_period': 6, 'slowd_period': 3, 'oversold_threshold': 15}",0.0015939760163830117,40,stoch_k_crossover_d_4^15^15^3^6,15,6,3,15,12,,,,,,0.0018059157395300632,0.4796026602340133,0.002172895928080946,-0.002230866334529648,-1.026678869291223,,,,,
stoch_k_crossover_d_4,"{'fastk_period': 15, 'slowk_period': 6, 'slowd_period': 3, 'oversold_threshold': 15}",0.002256723252667786,60,stoch_k_crossover_d_4^15^15^3^6,15,6,3,15,12,,,,,,,,,,,0.002391072787737617,0.45742954537817704,0.0028042837020044067,-0.002154247269197072,-0.768198762363911
stoch_k_crossover_d_4,"{'fastk_period': 15, 'slowk_period': 6, 'slowd_period': 3, 'oversold_threshold': 20}",0.0011096585898407714,20,stoch_k_crossover_d_4^15^20^3^6,15,6,3,20,12,0.0010316865668521418,0.6427429527452788,0.0011614905312162824,-0.00039615704115340426,-0.3410764276645105,,,,,,,,,,
stoch_k_crossover_d_4,"{'fastk_period': 15, 'slowk_period': 6, 'slowd_period': 3, 'oversold_threshold': 20}",0.001317832972156961,40,stoch_k_crossover_d_4^15^20^3^6,15,6,3,20,12,,,,,,0.0012672554545812638,0.4293833776902989,0.0014341489406492327,-0.000568572892166395,-0.3964531688800778,,,,,
stoch_k_crossover_d_4,"{'fastk_period': 15, 'slowk_period': 6, 'slowd_period': 3, 'oversold_threshold': 20}",0.0025376857380395483,60,stoch_k_crossover_d_4^15^20^3^6,15,6,3,20,12,,,,,,,,,,,0.002204040474014825,0.46282178716398026,0.0023952670529776847,0.00010054810542336798,0.04197782677233056
stoch_k_crossover_d_4,"{'fastk_period': 15, 'slowk_period': 6, 'slowd_period': 3, 'oversold_threshold': 25}",0.000958659942655255,20,stoch_k_crossover_d_4^15^25^3^6,15,6,3,25,12,0.0008977426305529845,0.4540344121036892,0.0010064563339787678,-0.00029810810713063124,-0.296195768327213,,,,,,,,,,
stoch_k_crossover_d_4,"{'fastk_period': 15, 'slowk_period': 6, 'slowd_period': 3, 'oversold_threshold': 25}",0.0017443500608827656,40,stoch_k_crossover_d_4^15^25^3^6,15,6,3,25,12,,,,,,0.0016024811705391852,0.4592721797087525,0.0017831206469060374,-0.0003845530694961909,-0.21566295593259155,,,,,
stoch_k_crossover_d_4,"{'fastk_period': 15, 'slowk_period': 6, 'slowd_period': 3, 'oversold_threshold': 25}",0.00285163891592342,60,stoch_k_crossover_d_4^15^25^3^6,15,6,3,25,12,,,,,,,,,,,0.0026254058325703394,0.4821259344296629,0.0029265145058515753,-0.0006867895735232552,-0.23467834249583153
stoch_k_crossover_d_4,"{'fastk_period': 15, 'slowk_period': 6, 'slowd_period': 6, 'oversold_threshold': 15}",0.0018039965197626494,20,stoch_k_crossover_d_4^15^15^6^6,15,6,6,15,12,0.00192633231328386,0.587904965287429,0.0022743342093009765,-0.0019016885429044197,-0.8361517560292554,,,,,,,,,,
stoch_k_crossover_d_4,"{'fastk_period': 15, 'slowk_period': 6, 'slowd_period': 6, 'oversold_threshold': 15}",0.0025356271566754976,40,stoch_k_crossover_d_4^15^15^6^6,15,6,6,15,12,,,,,,0.002607197057388438,0.6965530055275844,0.00305017423622871,-0.0022655519098545513,-0.7427614734087192,,,,,
stoch_k_crossover_d_4,"{'fastk_period': 15, 'slowk_period': 6, 'slowd_period': 6, 'oversold_threshold': 15}",0.003910455804155549,60,stoch_k_crossover_d_4^15^15^6^6,15,6,6,15,12,,,,,,,,,,,0.003753011565614026,0.6482444895308838,0.004277585566707924,-0.0020173024464188527,-0.47159838534133414
stoch_k_crossover_d_4,"{'fastk_period': 15, 'slowk_period': 6, 'slowd_period': 6, 'oversold_threshold': 20}",0.001438376257822151,20,stoch_k_crossover_d_4^15^20^6^6,15,6,6,20,12,0.0013064416499125487,0.5979068490421202,0.0014547666079568317,-0.0003251328885745647,-0.22349488006959572,,,,,,,,,,
stoch_k_crossover_d_4,"{'fastk_period': 15, 'slowk_period': 6, 'slowd_period': 6, 'oversold_threshold': 20}",0.0017957804405899418,40,stoch_k_crossover_d_4^15^20^6^6,15,6,6,20,12,,,,,,0.0016637246757381923,0.5668953152121601,0.001865203847222408,-0.0005525462105881805,-0.2962390472285438,,,,,
stoch_k_crossover_d_4,"{'fastk_period': 15, 'slowk_period': 6, 'slowd_period': 6, 'oversold_threshold': 20}",0.003977164411953661,60,stoch_k_crossover_d_4^15^20^6^6,15,6,6,20,12,,,,,,,,,,,0.003210346415924952,0.6494441887631074,0.003401141527756048,0.0011116001857828942,0.32683149957487606
stoch_k_crossover_d_4,"{'fastk_period': 15, 'slowk_period': 6, 'slowd_period': 6, 'oversold_threshold': 25}",0.0016440825443945224,20,stoch_k_crossover_d_4^15^25^6^6,15,6,6,25,12,0.0013249724154451106,0.5583656445055433,0.0013968536308317354,0.0005342790461922391,0.3824874950384821,,,,,,,,,,
stoch_k_crossover_d_4,"{'fastk_period': 15, 'slowk_period': 6, 'slowd_period': 6, 'oversold_threshold': 25}",0.0024226618532353188,40,stoch_k_crossover_d_4^15^25^6^6,15,6,6,25,12,,,,,,0.0017845780407340823,0.5197371849683196,0.0017919621330678389,0.0017033530250627604,0.9505519082295675,,,,,
stoch_k_crossover_d_4,"{'fastk_period': 15, 'slowk_period': 6, 'slowd_period': 6, 'oversold_threshold': 25}",0.004252838596895823,60,stoch_k_crossover_d_4^15^25^6^6,15,6,6,25,12,,,,,,,,,,,0.0032684508837713053,0.6296829102701722,0.0033763108431546676,0.0020819913305543205,0.6166468157917014
stoch_k_crossover_d_4,"{'fastk_period': 15, 'slowk_period': 6, 'slowd_period': 9, 'oversold_threshold': 15}",0.0016958122815434785,20,stoch_k_crossover_d_4^15^15^9^6,15,6,9,15,12,0.0018973057818294024,0.5165602342906912,0.0023035944450109803,-0.002571869513167954,-1.1164593310849449,,,,,,,,,,
stoch_k_crossover_d_4,"{'fastk_period': 15, 'slowk_period': 6, 'slowd_period': 9, 'oversold_threshold': 15}",0.0022411342960682664,40,stoch_k_crossover_d_4^15^15^9^6,15,6,9,15,12,,,,,,0.0024257186358111285,0.6108882294814416,0.0030172972834255655,-0.0040816464879476775,-1.352749200540739,,,,,
stoch_k_crossover_d_4,"{'fastk_period': 15, 'slowk_period': 6, 'slowd_period': 9, 'oversold_threshold': 15}",0.003910033297363439,60,stoch_k_crossover_d_4^15^15^9^6,15,6,9,15,12,,,,,,,,,,,0.003918681937281548,0.654087394930622,0.0045379437916624995,-0.002893198460908921,-0.6375571390338844
stoch_k_crossover_d_4,"{'fastk_period': 15, 'slowk_period': 6, 'slowd_period': 9, 'oversold_threshold': 20}",0.0014769724874693828,20,stoch_k_crossover_d_4^15^20^9^6,15,6,9,20,12,0.0016406925558951635,0.571921562150509,0.0019958156934675847,-0.00226566195740147,-1.135206003649088,,,,,,,,,,
stoch_k_crossover_d_4,"{'fastk_period': 15, 'slowk_period': 6, 'slowd_period': 9, 'oversold_threshold': 20}",0.0019056672245596504,40,stoch_k_crossover_d_4^15^20^9^6,15,6,9,20,12,,,,,,0.002073358228488359,0.604609662164413,0.002567168275022853,-0.003358552283391075,-1.3082711858306901,,,,,
stoch_k_crossover_d_4,"{'fastk_period': 15, 'slowk_period': 6, 'slowd_period': 9, 'oversold_threshold': 20}",0.0038945519531814656,60,stoch_k_crossover_d_4^15^20^9^6,15,6,9,20,12,,,,,,,,,,,0.0035348536908442235,0.7357385476920666,0.00395557462984939,-0.0010930766382126083,-0.27633826700274583
stoch_k_crossover_d_4,"{'fastk_period': 15, 'slowk_period': 6, 'slowd_period': 9, 'oversold_threshold': 25}",0.0013616175296663543,20,stoch_k_crossover_d_4^15^25^9^6,15,6,9,25,12,0.001458450853174013,0.4723659595817602,0.0017174880811829391,-0.0013909586549241734,-0.8098796551566955,,,,,,,,,,
stoch_k_crossover_d_4,"{'fastk_period': 15, 'slowk_period': 6, 'slowd_period': 9, 'oversold_threshold': 25}",0.00204968178527946,40,stoch_k_crossover_d_4^15^25^9^6,15,6,9,25,12,,,,,,0.002068585897052082,0.5448020350527153,0.0023926631277956757,-0.001496263641127449,-0.6253549125847624,,,,,
stoch_k_crossover_d_4,"{'fastk_period': 15, 'slowk_period': 6, 'slowd_period': 9, 'oversold_threshold': 25}",0.003942584177848572,60,stoch_k_crossover_d_4^15^25^9^6,15,6,9,25,12,,,,,,,,,,,0.003522796781274425,0.6635685301838934,0.003906444295438135,-0.0006973258745263883,-0.17850654502886706
stoch_k_crossover_d_4,"{'fastk_period': 15, 'slowk_period': 9, 'slowd_period': 3, 'oversold_threshold': 15}",0.002165367463253642,20,stoch_k_crossover_d_4^15^15^3^9,15,9,3,15,12,0.001687537247509885,0.5359159886060633,0.0017477866977123472,0.0010247932952828012,0.5863377359629401,,,,,,,,,,
stoch_k_crossover_d_4,"{'fastk_period': 15, 'slowk_period': 9, 'slowd_period': 3, 'oversold_threshold': 15}",0.002880773168303787,40,stoch_k_crossover_d_4^15^15^3^9,15,9,3,15,12,,,,,,0.0025687884899856946,0.5434844736120547,0.002832765420835975,-0.0003349577493673953,-0.11824408293876526,,,,,
stoch_k_crossover_d_4,"{'fastk_period': 15, 'slowk_period': 9, 'slowd_period': 3, 'oversold_threshold': 15}",0.0033890902401570383,60,stoch_k_crossover_d_4^15^15^3^9,15,9,3,15,12,,,,,,,,,,,0.0034680684462724738,0.4591943916320021,0.004019456006335147,-0.0025971947144169303,-0.6461557758869455
stoch_k_crossover_d_4,"{'fastk_period': 15, 'slowk_period': 9, 'slowd_period': 3, 'oversold_threshold': 20}",0.0013370336193267664,20,stoch_k_crossover_d_4^15^20^3^9,15,9,3,20,12,0.0011090793019928648,0.5098715600794237,0.00118283311461579,0.00029778736314068716,0.2517577158274056,,,,,,,,,,
stoch_k_crossover_d_4,"{'fastk_period': 15, 'slowk_period': 9, 'slowd_period': 3, 'oversold_threshold': 20}",0.002355470741325906,40,stoch_k_crossover_d_4^15^20^3^9,15,9,3,20,12,,,,,,0.0018821199051603007,0.5783852552399855,0.0019778038962056706,0.0008295960036612333,0.4194531142611138,,,,,
stoch_k_crossover_d_4,"{'fastk_period': 15, 'slowk_period': 9, 'slowd_period': 3, 'oversold_threshold': 20}",0.004347666744729914,60,stoch_k_crossover_d_4^15^20^3^9,15,9,3,20,12,,,,,,,,,,,0.0034707324551373803,0.640799629457941,0.0036559960639513914,0.0014328327581832583,0.3919131019617828
stoch_k_crossover_d_4,"{'fastk_period': 15, 'slowk_period': 9, 'slowd_period': 3, 'oversold_threshold': 25}",0.0011877053243586416,20,stoch_k_crossover_d_4^15^25^3^9,15,9,3,25,12,0.0011367099935100605,0.4910400831074114,0.0012869747769703556,-0.0005162026245531834,-0.40109770120620913,,,,,,,,,,
stoch_k_crossover_d_4,"{'fastk_period': 15, 'slowk_period': 9, 'slowd_period': 3, 'oversold_threshold': 25}",0.002382552711868865,40,stoch_k_crossover_d_4^15^25^3^9,15,9,3,25,12,,,,,,0.0021739396115031356,0.5592379840807117,0.0024216585047697613,-0.0005509682144297465,-0.22751689114899779,,,,,
stoch_k_crossover_d_4,"{'fastk_period': 15, 'slowk_period': 9, 'slowd_period': 3, 'oversold_threshold': 25}",0.004475067233861126,60,stoch_k_crossover_d_4^15^25^3^9,15,9,3,25,12,,,,,,,,,,,0.0036480063612000847,0.6318492382209713,0.0038798731542178705,0.0010974716380044403,0.2828627623589606
stoch_k_crossover_d_4,"{'fastk_period': 15, 'slowk_period': 9, 'slowd_period': 6, 'oversold_threshold': 15}",0.0009284870307869777,20,stoch_k_crossover_d_4^15^15^6^9,15,9,6,15,12,0.0010201702222614169,0.2676313173041441,0.0012918364547682816,-0.0019681583353140944,-1.5235352184476987,,,,,,,,,,
stoch_k_crossover_d_4,"{'fastk_period': 15, 'slowk_period': 9, 'slowd_period': 6, 'oversold_threshold': 15}",0.001504802571490162,40,stoch_k_crossover_d_4^15^15^6^9,15,9,6,15,12,,,,,,0.0016381874208971341,0.33769821044744974,0.002079493824939791,-0.003216183023572089,-1.5466182130476918,,,,,
stoch_k_crossover_d_4,"{'fastk_period': 15, 'slowk_period': 9, 'slowd_period': 6, 'oversold_threshold': 15}",0.0021972474900070474,60,stoch_k_crossover_d_4^15^15^6^9,15,9,6,15,12,,,,,,,,,,,0.002455465879744107,0.3506748121371196,0.003032580042069987,-0.0038927899058405734,-1.2836561119037841
stoch_k_crossover_d_4,"{'fastk_period': 15, 'slowk_period': 9, 'slowd_period': 6, 'oversold_threshold': 20}",0.0014372546394213605,20,stoch_k_crossover_d_4^15^20^6^9,15,9,6,20,12,0.0011987109283452667,0.4200291492995505,0.0012765391870175635,0.0003426000829500035,0.26838195523823727,,,,,,,,,,
stoch_k_crossover_d_4,"{'fastk_period': 15, 'slowk_period': 9, 'slowd_period': 6, 'oversold_threshold': 20}",0.002557334841746368,40,stoch_k_crossover_d_4^15^20^6^9,15,9,6,20,12,,,,,,0.0018790462024449999,0.5581805175109038,0.001888013215611385,0.0017804090576147634,0.9430066711891225,,,,,
stoch_k_crossover_d_4,"{'fastk_period': 15, 'slowk_period': 9, 'slowd_period': 6, 'oversold_threshold': 20}",0.004619317036330177,60,stoch_k_crossover_d_4^15^20^6^9,15,9,6,20,12,,,,,,,,,,,0.003659228785179309,0.5895281159894327,0.0038308991013405107,0.0017708553074060934,0.4622557944129707
stoch_k_crossover_d_4,"{'fastk_period': 15, 'slowk_period': 9, 'slowd_period': 6, 'oversold_threshold': 25}",0.0011173326861815384,20,stoch_k_crossover_d_4^15^25^6^9,15,9,6,25,12,0.0012337574229510729,0.5209896426334293,0.0015171477265026392,-0.0018835359161161569,-1.2414980316110173,,,,,,,,,,
stoch_k_crossover_d_4,"{'fastk_period': 15, 'slowk_period': 9, 'slowd_period': 6, 'oversold_threshold': 25}",0.0017968329684784673,40,stoch_k_crossover_d_4^15^25^6^9,15,9,6,25,12,,,,,,0.0017709375603974923,0.49155984492609744,0.002027273503066676,-0.0010487578089635277,-0.5173242817888468,,,,,
stoch_k_crossover_d_4,"{'fastk_period': 15, 'slowk_period': 9, 'slowd_period': 6, 'oversold_threshold': 25}",0.003765134607407612,60,stoch_k_crossover_d_4^15^25^6^9,15,9,6,25,12,,,,,,,,,,,0.0031793878358482943,0.5597824471807378,0.0034261975543418326,0.00046448093241937145,0.13556746949129078
stoch_k_crossover_d_4,"{'fastk_period': 15, 'slowk_period': 9, 'slowd_period': 9, 'oversold_threshold': 15}",0.001487603740063589,20,stoch_k_crossover_d_4^15^15^9^9,15,9,9,15,12,0.0015537048521422961,0.43734057105978974,0.0018122028717183119,-0.001289773363193877,-0.7117157705256958,,,,,,,,,,
stoch_k_crossover_d_4,"{'fastk_period': 15, 'slowk_period': 9, 'slowd_period': 9, 'oversold_threshold': 15}",0.0012743806169566913,40,stoch_k_crossover_d_4^15^15^9^9,15,9,9,15,12,,,,,,0.0013966347037617218,0.35898881892130036,0.0017574531359510974,-0.00257236805032141,-1.4636908363017587,,,,,
stoch_k_crossover_d_4,"{'fastk_period': 15, 'slowk_period': 9, 'slowd_period': 9, 'oversold_threshold': 15}",0.0017401845951528546,60,stoch_k_crossover_d_4^15^15^9^9,15,9,9,15,12,,,,,,,,,,,0.0019137304220621324,0.33265638721626334,0.0024059427701004364,-0.003500605406359212,-1.454982824139694
stoch_k_crossover_d_4,"{'fastk_period': 15, 'slowk_period': 9, 'slowd_period': 9, 'oversold_threshold': 20}",0.0013679133176462974,20,stoch_k_crossover_d_4^15^20^9^9,15,9,9,20,12,0.001299720695848129,0.4060803947110686,0.001462809471316698,-0.0004942558343061309,-0.33788121009446526,,,,,,,,,,
stoch_k_crossover_d_4,"{'fastk_period': 15, 'slowk_period': 9, 'slowd_period': 9, 'oversold_threshold': 20}",0.00153875260825894,40,stoch_k_crossover_d_4^15^20^9^9,15,9,9,20,12,,,,,,0.0014073635326471436,0.43230382943759044,0.0015615306166455233,-0.00028847439133503105,-0.18473822303576162,,,,,
stoch_k_crossover_d_4,"{'fastk_period': 15, 'slowk_period': 9, 'slowd_period': 9, 'oversold_threshold': 20}",0.003374847356253203,60,stoch_k_crossover_d_4^15^20^9^9,15,9,9,20,12,,,,,,,,,,,0.0029742978077901445,0.4700150126419596,0.0032539681823687897,-0.00010207631257495297,-0.031369794310848034
stoch_k_crossover_d_4,"{'fastk_period': 15, 'slowk_period': 9, 'slowd_period': 9, 'oversold_threshold': 25}",0.001266315820385157,20,stoch_k_crossover_d_4^15^25^9^9,15,9,9,25,12,0.0013232534980599422,0.50490126264857,0.0017220748251889054,-0.0030637811003586535,-1.7791219379927743,,,,,,,,,,
stoch_k_crossover_d_4,"{'fastk_period': 15, 'slowk_period': 9, 'slowd_period': 9, 'oversold_threshold': 25}",0.0013639356559529275,40,stoch_k_crossover_d_4^15^25^9^9,15,9,9,25,12,,,,,,0.0014263025599646733,0.39821105705400767,0.00187386031867699,-0.0034968327858708108,-1.866111764584297,,,,,
stoch_k_crossover_d_4,"{'fastk_period': 15, 'slowk_period': 9, 'slowd_period': 9, 'oversold_threshold': 25}",0.0025982334273200393,60,stoch_k_crossover_d_4^15^25^9^9,15,9,9,25,12,,,,,,,,,,,0.0026638486631105577,0.44877841438973276,0.003088355098450476,-0.0020057221256285416,-0.6494467318977908
